{

	id: 98;
	type: "ENTITY_SCENERY";
	position: 27.000000 5.000000 -0.500000;
	scale: 1.500000 1.500000 1.000000;
	color: 0.630000 0.630000 0.630000 1.000000;
	rotation: 0.923880 -0.382683 0.000000 0.000000;
	layer: -1.000000;
	subtype: 0;
	spriteName: "barrel";
	lightColor: 1.000000 0.500000 0.000000;
	lightIntensity: 2.000000;
	renderFirstPass: 0;
	dialogType: "ENTITY_DIALOG_NULL";
	rateOfCreation: 3.000000;
	typeToCreate: "ENTITY_NULL";
}

