{

	id: 5;
	type: "ENTITY_SCENERY";
	position: 6.843651 -4.397118 0.000000;
	scale: 3.345087 2.454053 1.000000;
	color: 1.000000 1.000000 1.000000 1.000000;
	rotation: 1.000000 0.000000 0.000000 0.000000;
	maxHealth: 3;
	layer: 3.527341;
	subtype: 0;
	spriteName: "mossy_platform";
	colliderScale: 0.900000 0.800000;
}

