{

	id: 0;
	type: "ENTITY_WIZARD";
	position: -4.624633 2.850654 0.000000;
	scale: 2.000000 2.000000 1.000000;
	color: 1.000000 1.000000 1.000000 1.000000;
	rotation: 1.000000 0.000000 0.000000 0.000000;
	maxHealth: 3;
	layer: 0.000000;
	subtype: 0;
	colliderScale: 0.200000 0.250000;
}

