{

	id: 41;
	type: "ENTITY_SCENERY";
	position: -1.755780 4.292147 0.000000;
	scale: 23.082958 15.021164 1.000000;
	color: 0.976953 1.000000 0.949613 1.000000;
	rotation: 1.000000 0.000000 0.000000 0.000000;
	maxHealth: 3;
	layer: -5.000000;
	subtype: 0;
	spriteName: "ground";
}

