{

	id: 30;
	type: "ENTITY_SCENERY";
	position: 3.201779 7.665876 0.000000;
	scale: 2.497874 2.369225 1.000000;
	color: 1.000000 0.995759 0.999858 1.000000;
	rotation: 1.000000 0.000000 0.000000 0.000000;
	maxHealth: 3;
	layer: -2.225469;
	subtype: 0;
	spriteName: "tree";
	colliderScale: 0.100000 0.100000;
}

