{

	id: 22;
	type: "ENTITY_SCENERY";
	position: 6.833957 -3.514886 0.000000;
	scale: 3.987745 1.133427 1.000000;
	color: 0.976953 1.000000 0.949613 1.000000;
	rotation: 1.000000 0.000000 0.000000 0.000000;
	maxHealth: 3;
	layer: -1.000000;
	subtype: 2;
	spriteName: "one_wayplatform";
	colliderScale: 1.000000 0.500000;
}

