{

	id: 28;
	type: "ENTITY_SCENERY";
	position: 2.684629 5.228013 0.000000;
	scale: 2.497874 2.369225 1.000000;
	color: 1.000000 1.000000 1.000000 1.000000;
	rotation: 1.000000 0.000000 0.000000 0.000000;
	maxHealth: 3;
	layer: -2.225469;
	subtype: 0;
	spriteName: "tree";
	colliderScale: 0.100000 0.100000;
}

