{

	id: 43;
	type: "ENTITY_SCENERY";
	position: -1.644423 0.034919 0.000000;
	scale: 1.728934 1.550768 1.000000;
	color: 0.976953 1.000000 0.949613 1.000000;
	rotation: 1.000000 0.000000 0.000000 0.000000;
	maxHealth: 3;
	layer: -1.000000;
	subtype: 1;
}

