{

	id: 0;
	type: "ENTITY_WIZARD";
	position: 19.000000 3.000000 -0.480000;
	scale: 1.500000 1.500000 1.000000;
	color: 1.000000 1.000000 1.000000 1.000000;
	rotation: 0.923880 -0.382683 0.000000 0.000000;
	layer: 0.000000;
	subtype: 0;
	enemyType: "ENEMY_SKELETON";
	animationRate: 0.100000;
	colliderScale: 0.200000 0.250000;
	colliderOffset: 0.000000 0.000000 0.000000;
	aiNodes: [17.000000, 1.000000, 0.000000, 1.000000, 17.000000, 2.000000, 0.000000, 1.000000, 17.000000, 3.000000, 0.000000, 1.000000, 17.000000, 4.000000, 0.000000, 1.000000, 18.000000, 1.000000, 0.000000, 1.000000, 18.000000, 2.000000, 0.000000, 1.000000, 18.000000, 3.000000, 0.000000, 1.000000, 18.000000, 4.000000, 0.000000, 1.000000, 19.000000, 1.000000, 0.000000, 1.000000, 19.000000, 2.000000, 0.000000, 1.000000, 19.000000, 3.000000, 0.000000, 1.000000, 19.000000, 4.000000, 0.000000, 1.000000, 20.000000, 1.000000, 0.000000, 1.000000, 20.000000, 2.000000, 0.000000, 1.000000, 20.000000, 3.000000, 0.000000, 1.000000, 20.000000, 4.000000, 0.000000, 1.000000];
	searchBouys: ;
	colliderScale2: 1.000000 1.400000;
	colliderOffset2: 0.000000 -0.500000 0.000000;
	partnerId: -1;
	moveDirection: 0.000000 0.000000;
	lightColor: 1.000000 0.500000 0.000000;
	lightIntensity: 2.000000;
	renderFirstPass: 0;
	dialogType: "ENTITY_DIALOG_NULL";
	rateOfCreation: 0.000000;
	typeToCreate: "ENTITY_NULL";
	shouldNotRender: false;
}

