{

	id: 1;
	type: "ENTITY_SCENERY";
	position: 34.000000 1.000000 0.000000;
	scale: 15.000000 26.428570 1.000000;
	color: 1.000000 1.000000 1.000000 1.000000;
	rotation: 1.000000 0.000000 0.000000 0.000000;
	layer: -1.000000;
	subtype: 0;
	spriteName: "house_up";
	lightColor: 1.000000 0.500000 0.000000;
	lightIntensity: 2.000000;
	renderFirstPass: 1;
	dialogType: "ENTITY_DIALOG_NULL";
}

