{

	id: 80;
	type: "ENTITY_SWORD";
	position: 45.000000 -40.000000 -1.000000;
	scale: 5.000000 5.000000 5.000000;
	color: 1.000000 1.000000 1.000000 1.000000;
	rotation: 1.000000 0.000000 0.000000 0.000000;
	maxHealth: 3;
	layer: -1.126234;
	subtype: 0;
	colliderScale: 1.000000 1.000000;
}

