{

	id: 0;
	type: "ENTITY_WIZARD";
	position: 36.783043 -41.642345 -1.000000;
	scale: 2.000000 3.000000 1.000000;
	color: 1.000000 1.000000 1.000000 1.000000;
	rotation: 0.923880 -0.382683 0.000000 0.000000;
	maxHealth: 3;
	layer: 0.000000;
	subtype: 0;
	colliderScale: 0.200000 0.250000;
	colliderScale2: 1.000000 1.000000;
}

