{

	id: 90;
	type: "ENTITY_SCENERY";
	position: 30.054134 -14.233027 0.000000;
	scale: 1.000000 1.000000 1.000000;
	color: 1.000000 1.000000 1.000000 1.000000;
	rotation: 0.707107 -0.707107 0.000000 0.000000;
	layer: -1.000000;
	subtype: 0;
	colliderScale: 1.000000 1.000000;
	model: "Fence.obj";
}

