{

	id: 278;
	type: "ENTITY_SCENERY";
	position: -10.000000 -47.000000 -7.000000;
	scale: 10.000000 15.000000 1.000000;
	color: 0.978630 0.900628 1.000000 1.000000;
	rotation: 0.923880 -0.382683 0.000000 0.000000;
	layer: -1.000000;
	subtype: 0;
	spriteName: "pink texture";
	renderFirstPass: 0;
	dialogType: "ENTITY_DIALOG_NULL";
}

