{

	id: 160;
	type: "ENTITY_SCENERY";
	position: 60.000000 -69.000000 0.000000;
	scale: 1.000000 1.000000 1.000000;
	color: 1.000000 1.000000 1.000000 1.000000;
	rotation: 0.923880 -0.382683 0.000000 0.000000;
	layer: -1.000000;
	subtype: 0;
	colliderScale: 1.000000 1.000000;
	colliderOffset: 0.000000 0.000000 0.000000;
	renderFirstPass: 0;
	dialogType: "ENTITY_DIALOG_NULL";
	model: "tree02.obj";
}

