{

	id: 75;
	type: "ENTITY_WEREWOLF";
	position: 38.000000 -26.000000 -1.300000;
	scale: 2.500000 4.000000 1.000000;
	color: 1.000000 1.000000 1.000000 1.000000;
	rotation: 0.923880 -0.382683 0.000000 0.000000;
	maxHealth: 3;
	layer: 1.000000;
	subtype: 0;
	colliderScale: 0.250000 0.150000;
	colliderScale2: 1.000000 1.000000;
}

