{

	id: 85;
	type: "ENTITY_SCENERY";
	position: 43.336739 -53.301037 0.000000;
	scale: 1.000000 1.000000 1.000000;
	color: 1.000000 1.000000 1.000000 1.000000;
	rotation: 0.500000 -0.500000 0.500000 -0.500000;
	maxHealth: 10;
	layer: -1.000000;
	subtype: 0;
	colliderScale: 1.000000 1.000000;
	model: "Fence.obj";
}

