{

	id: 86;
	type: "ENTITY_SCENERY";
	position: 40.712524 -51.723778 0.000000;
	scale: 1.000000 1.000000 1.000000;
	color: 1.000000 1.000000 1.000000 1.000000;
	rotation: 0.500000 -0.500000 0.500000 -0.500000;
	layer: -1.000000;
	subtype: 0;
	colliderScale: 1.000000 1.000000;
	dialogType: "ENTITY_DIALOG_NULL";
	model: "Fence.obj";
}

