{

	id: 77;
	type: "ENTITY_SCENERY";
	position: 48.000000 -32.000000 -2.000000;
	scale: 6.000000 6.000000 1.000000;
	color: 1.000000 1.000000 1.000000 1.000000;
	rotation: 0.923880 -0.382683 0.000000 0.000000;
	maxHealth: 3;
	layer: -1.000000;
	subtype: 0;
	spriteName: "tree (1)";
}

