{

	id: 163;
	type: "ENTITY_SCENERY";
	position: 25.000000 -55.000000 0.000000;
	scale: 0.400000 0.400000 0.400000;
	color: 1.000000 1.000000 1.000000 1.000000;
	rotation: 0.707107 -0.707107 0.000000 0.000000;
	layer: -1.000000;
	subtype: 0;
	colliderScale: 1.000000 1.000000;
	colliderOffset: 0.000000 0.000000 0.000000;
	renderFirstPass: 0;
	dialogType: "ENTITY_DIALOG_NULL";
	model: "tree02.obj";
}

