{

	id: 222;
	type: "ENTITY_SCENERY";
	position: 16.000000 -54.000000 -3.000000;
	scale: 1.500000 1.500000 5.000000;
	color: 1.000000 1.000000 1.000000 1.000000;
	rotation: 0.923880 -0.382683 0.000000 0.000000;
	layer: -1.000000;
	subtype: 0;
	spriteName: "pink texture";
	renderFirstPass: 0;
	dialogType: "ENTITY_DIALOG_NULL";
}

