{

	id: 6;
	type: "ENTITY_SCENERY";
	position: 41.000000 -27.000000 -2.000000;
	scale: -6.000000 6.000000 1.000000;
	color: 1.000000 1.000000 1.000000 1.000000;
	rotation: 0.923880 -0.382683 0.000000 0.000000;
	layer: -1.000000;
	subtype: 0;
	spriteName: "tree (1)";
	colliderScale: 0.250000 0.150000;
}

