{

	id: 93;
	type: "ENTITY_BLOCK_TO_PUSH";
	position: 31.514025 -47.710617 -0.500000;
	scale: 1.000000 1.000000 1.000000;
	color: 1.000000 1.000000 1.000000 1.000000;
	rotation: 0.923880 -0.382683 0.000000 0.000000;
	layer: -1.000000;
	subtype: 0;
	spriteName: "crate";
	colliderScale: 1.000000 1.000000;
	colliderOffset: 0.000000 0.000000 0.000000;
	colliderScale2: 0.400000 1.000000;
	colliderOffset2: 0.000000 0.000000 0.000000;
	renderFirstPass: 0;
	dialogType: "ENTITY_DIALOG_NULL";
}

