{

	id: 93;
	type: "ENTITY_BLOCK_TO_PUSH";
	position: 33.000000 -47.000000 -0.500000;
	scale: 1.000000 1.000000 1.000000;
	color: 1.000000 1.000000 1.000000 1.000000;
	rotation: 0.923880 -0.382683 0.000000 0.000000;
	layer: -1.000000;
	subtype: 0;
	spriteName: "crate";
	colliderScale: 1.000000 1.000000;
	colliderScale2: 1.300000 1.000000;
}

