{

	id: 32;
	type: "ENTITY_SCENERY";
	position: 34.000000 -32.000000 -0.500000;
	scale: 1.000000 1.000000 1.000000;
	color: 1.000000 1.000000 1.000000 1.000000;
	rotation: 0.923880 -0.382683 0.000000 0.000000;
	layer: -1.000000;
	subtype: 0;
	spriteName: "grass1";
	renderFirstPass: 0;
	dialogType: "ENTITY_DIALOG_NULL";
}

