{

	id: 92;
	type: "ENTITY_SCENERY";
	position: 29.399811 -54.059769 0.000000;
	scale: 1.000000 1.000000 1.000000;
	color: 1.000000 1.000000 1.000000 1.000000;
	rotation: 0.707107 -0.707107 0.000000 0.000000;
	layer: -1.000000;
	subtype: 0;
	colliderScale: 1.000000 1.000000;
	dialogType: "ENTITY_DIALOG_NULL";
	model: "Fence.obj";
}

