{

	id: 11;
	type: "ENTITY_SCENERY";
	position: 35.000000 -31.000000 -1.000000;
	scale: -3.000000 3.000000 1.000000;
	color: 1.000000 0.988248 0.889463 1.000000;
	rotation: 0.923880 -0.382683 0.000000 0.000000;
	layer: -1.000000;
	subtype: 0;
	spriteName: "stump";
	colliderScale: 0.250000 0.150000;
	dialogType: "ENTITY_DIALOG_NULL";
}

