{

	id: 80;
	type: "ENTITY_SWORD";
	position: 41.000000 -50.000000 -1.000000;
	scale: 5.000000 5.000000 5.000000;
	color: 1.000000 1.000000 1.000000 1.000000;
	rotation: 1.000000 0.000000 0.000000 0.000000;
	layer: -1.126234;
	subtype: 0;
	colliderScale: 1.000000 1.000000;
	colliderOffset: 0.000000 0.000000 0.000000;
	renderFirstPass: 0;
	dialogType: "ENTITY_DIALOG_NULL";
	model: "sword.obj";
}

