{

	id: 96;
	type: "ENTITY_SCENERY";
	position: 49.000000 -57.000000 -4.000000;
	scale: 10.000000 10.000000 15.000000;
	color: 1.000000 1.000000 1.000000 1.000000;
	rotation: 0.923880 -0.382683 0.000000 0.000000;
	layer: -1.000000;
	subtype: 0;
	spriteName: "boat1";
	colliderScale: 0.700000 0.700000;
	dialogType: "ENTITY_DIALOG_NULL";
}

