{

	id: 0;
	type: "ENTITY_WIZARD";
	position: 56.969566 -62.137405 -2.000000;
	scale: 4.000000 6.000000 1.000000;
	color: 1.000000 1.000000 1.000000 1.000000;
	rotation: 0.923880 -0.382683 0.000000 0.000000;
	layer: 0.000000;
	subtype: 0;
	colliderScale: 0.200000 0.250000;
	colliderScale2: 1.000000 1.000000;
	dialogType: "ENTITY_DIALOG_NULL";
}

