{

	id: 1;
	type: "ENTITY_SCENERY";
	position: 18.000000 5.000000 -0.500000;
	scale: 12.000000 21.142857 1.000000;
	color: 1.000000 1.000000 1.000000 1.000000;
	rotation: 1.000000 0.000000 0.000000 0.000000;
	layer: -1.000000;
	subtype: 0;
	spriteName: "house_down";
	lightColor: 1.000000 0.500000 0.000000;
	lightIntensity: 2.000000;
	renderFirstPass: 1;
	dialogType: "ENTITY_DIALOG_NULL";
}

