{

	id: 87;
	type: "ENTITY_SCENERY";
	position: 27.073238 2.654167 -0.750000;
	scale: 1.500000 1.500000 1.000000;
	color: 1.000000 1.000000 1.000000 1.000000;
	rotation: 0.923880 -0.382683 0.000000 0.000000;
	layer: -1.000000;
	subtype: 0;
	spriteName: "barrel";
	lightColor: 1.000000 0.500000 0.000000;
	lightIntensity: 2.000000;
	renderFirstPass: 0;
	dialogType: "ENTITY_DIALOG_NULL";
	rateOfCreation: 3.000000;
	typeToCreate: "ENTITY_NULL";
}

