{

	id: 4;
	type: "ENTITY_HOUSE";
	position: 33.000000 17.000000 -5.285714;
	scale: 6.000000 10.571428 1.000000;
	color: 1.000000 1.000000 1.000000 1.000000;
	rotation: 0.923880 -0.382683 0.000000 0.000000;
	layer: -1.000000;
	subtype: 0;
	spriteName: "house";
	colliderScale: 1.100000 0.500000;
	colliderOffset: 0.000000 -3.000000 0.000000;
	colliderScale2: 0.300000 0.100000;
	colliderOffset2: 0.000000 -6.500000 0.000000;
	renderFirstPass: 0;
	dialogType: "ENTITY_DIALOG_NULL";
}

