{

	id: 148;
	type: "ENTITY_AI_ANIMATION";
	position: 44.000000 20.000000 -1.000000;
	scale: 3.071429 2.000000 1.000000;
	color: 1.000000 1.000000 1.000000 1.000000;
	rotation: 0.923880 -0.382683 0.000000 0.000000;
	layer: -1.000000;
	subtype: 8;
	lightColor: 1.000000 0.500000 0.000000;
	lightIntensity: 2.000000;
	renderFirstPass: 0;
	dialogType: "ENTITY_DIALOG_NULL";
	rateOfCreation: 3.000000;
	typeToCreate: "ENTITY_NULL";
}

