{

	id: 189;
	type: "ENTITY_SCENERY";
	position: 52.000000 -28.000000 0.000000;
	scale: 1.000000 1.000000 1.000000;
	color: 1.000000 1.000000 1.000000 1.000000;
	rotation: 0.923880 -0.382683 0.000000 0.000000;
	maxHealth: 10;
	layer: -1.000000;
	subtype: 0;
	spriteName: "grass1";
}

