{

	id: 187;
	type: "ENTITY_WEREWOLF";
	position: 52.000000 -30.000000 -1.000000;
	scale: 2.500000 2.500000 1.000000;
	color: 1.000000 1.000000 1.000000 1.000000;
	rotation: 0.923880 -0.382683 0.000000 0.000000;
	maxHealth: 10;
	layer: 1.000000;
	subtype: 0;
	colliderScale: 0.500000 0.250000;
	colliderScale2: 0.500000 0.250000;
}

