{

	id: 2;
	type: "ENTITY_SKELETON";
	position: -3.000000 -3.208582 0.000000;
	scale: 2.500000 2.500000 1.000000;
	color: 1.000000 1.000000 1.000000 1.000000;
	rotation: 1.000000 0.000000 0.000000 0.000000;
	maxHealth: 3;
	layer: 1.000000;
	subtype: 0;
	colliderScale: 0.250000 0.150000;
}

