{

	id: 37;
	type: "ENTITY_SCENERY";
	position: -2.133916 7.946764 0.000000;
	scale: 2.497874 2.369225 1.000000;
	color: 0.976953 1.000000 0.949613 1.000000;
	rotation: 1.000000 0.000000 0.000000 0.000000;
	maxHealth: 3;
	layer: -0.158052;
	subtype: 0;
	spriteName: "tree";
	colliderScale: 0.100000 0.100000;
}

