{

	id: 29;
	type: "ENTITY_TERRAIN";
	position: 0.448909 8.074960 0.000000;
	scale: 100.000000 100.000000 1.000000;
	color: 0.000000 0.000000 1.000000 1.000000;
	rotation: 1.000000 0.000000 0.000000 0.000000;
	maxHealth: 3;
	layer: -1.000000;
	subtype: 0;
	spriteName: "white texture";
}

