{

	id: 3;
	type: "ENTITY_SCENERY";
	position: 0.000000 -4.000000 0.000000;
	scale: 10.000000 1.000000 1.000000;
	color: 0.000000 0.000000 0.000000 1.000000;
	rotation: 1.000000 0.000000 0.000000 0.000000;
	maxHealth: 3;
	layer: 2.000000;
	subtype: 0;
	spriteName: "white texture";
	colliderScale: 1.000000 1.000000;
	colliderScale: 1.000000 1.000000;
}

