{

	id: 114;
	type: "ENTITY_WEREWOLF";
	position: 0.000000 1.000000 -0.320000;
	scale: 2.500000 2.500000 1.000000;
	color: 1.000000 1.000000 1.000000 1.000000;
	rotation: 0.923880 -0.382683 0.000000 0.000000;
	layer: 1.000000;
	subtype: 0;
	colliderScale: 0.500000 0.250000;
	colliderOffset: 0.000000 0.000000 0.000000;
	aiNodes: [3.000000, 2.000000, 0.000000, 1.000000, 4.000000, 0.000000, 0.000000, 1.000000, 4.000000, 1.000000, 0.000000, 1.000000, 4.000000, 2.000000, 0.000000, 1.000000, 4.000000, 3.000000, 0.000000, 1.000000, 5.000000, 0.000000, 0.000000, 1.000000, 5.000000, 2.000000, 0.000000, 1.000000, 6.000000, 2.000000, 0.000000, 1.000000, 7.000000, 2.000000, 0.000000, 1.000000, 3.000000, 2.000000, 0.000000, 1.000000, 4.000000, 0.000000, 0.000000, 1.000000, 4.000000, 1.000000, 0.000000, 1.000000, 4.000000, 2.000000, 0.000000, 1.000000, 4.000000, 3.000000, 0.000000, 1.000000, 5.000000, 0.000000, 0.000000, 1.000000, 5.000000, 2.000000, 0.000000, 1.000000, 6.000000, 2.000000, 0.000000, 1.000000, 7.000000, 2.000000, 0.000000, 1.000000, 0.000000, 0.000000, 0.000000, 1.000000, 0.000000, 1.000000, 0.000000, 1.000000, 1.000000, 0.000000, 0.000000, 1.000000, 1.000000, 1.000000, 0.000000, 1.000000, 3.000000, 2.000000, 0.000000, 1.000000, 4.000000, 0.000000, 0.000000, 1.000000, 4.000000, 1.000000, 0.000000, 1.000000, 4.000000, 2.000000, 0.000000, 1.000000, 4.000000, 3.000000, 0.000000, 1.000000, 5.000000, 0.000000, 0.000000, 1.000000, 5.000000, 2.000000, 0.000000, 1.000000, 6.000000, 2.000000, 0.000000, 1.000000, 7.000000, 2.000000, 0.000000, 1.000000];
	colliderScale2: 0.500000 0.250000;
	colliderOffset2: 0.000000 0.000000 0.000000;
	lightColor: 1.000000 0.500000 0.000000;
	lightIntensity: 2.000000;
	renderFirstPass: 0;
	dialogType: "ENTITY_DIALOG_NULL";
	rateOfCreation: 3.000000;
	typeToCreate: "ENTITY_NULL";
}

