{

	id: 0;
	type: "ENTITY_WIZARD";
	position: 13.337873 2.285609 -0.400000;
	scale: 0.640625 1.000000 1.000000;
	color: 1.000000 1.000000 1.000000 1.000000;
	rotation: 0.923880 -0.382683 0.000000 0.000000;
	layer: 0.000000;
	subtype: 0;
	enemyType: "ENEMY_SKELETON";
	animationRate: 0.100000;
	colliderScale: 0.200000 0.250000;
	colliderOffset: 0.000000 0.000000 0.000000;
	aiNodes: [13.000000, 2.000000, 0.000000, 1.000000, 13.000000, 3.000000, 0.000000, 1.000000, 13.000000, 4.000000, 0.000000, 1.000000, 11.000000, 13.000000, 0.000000, 1.000000, 11.000000, 14.000000, 0.000000, 1.000000, 11.000000, 15.000000, 0.000000, 1.000000, 14.000000, 2.000000, 0.000000, 1.000000, 14.000000, 3.000000, 0.000000, 1.000000, 14.000000, 4.000000, 0.000000, 1.000000, 12.000000, 13.000000, 0.000000, 1.000000, 12.000000, 14.000000, 0.000000, 1.000000, 12.000000, 15.000000, 0.000000, 1.000000, 15.000000, 2.000000, 0.000000, 1.000000, 15.000000, 3.000000, 0.000000, 1.000000, 15.000000, 4.000000, 0.000000, 1.000000, 13.000000, 13.000000, 0.000000, 1.000000, 13.000000, 14.000000, 0.000000, 1.000000, 16.000000, 2.000000, 0.000000, 1.000000, 13.000000, 15.000000, 0.000000, 1.000000, 16.000000, 3.000000, 0.000000, 1.000000, 16.000000, 4.000000, 0.000000, 1.000000, 17.000000, 2.000000, 0.000000, 1.000000, 14.000000, 15.000000, 0.000000, 1.000000, 17.000000, 3.000000, 0.000000, 1.000000, 17.000000, 4.000000, 0.000000, 1.000000, 15.000000, 15.000000, 0.000000, 1.000000, 17.000000, 8.000000, 0.000000, 1.000000, 18.000000, 4.000000, 0.000000, 1.000000, 19.000000, 0.000000, 0.000000, 1.000000, 17.000000, 9.000000, 0.000000, 1.000000, 19.000000, 1.000000, 0.000000, 1.000000, 19.000000, 2.000000, 0.000000, 1.000000, 16.000000, 15.000000, 0.000000, 1.000000, 19.000000, 3.000000, 0.000000, 1.000000, 16.000000, 16.000000, 0.000000, 1.000000, 18.000000, 8.000000, 0.000000, 1.000000, 19.000000, 4.000000, 0.000000, 1.000000, 16.000000, 17.000000, 0.000000, 1.000000, 18.000000, 9.000000, 0.000000, 1.000000, 19.000000, 5.000000, 0.000000, 1.000000, 16.000000, 18.000000, 0.000000, 1.000000, 18.000000, 10.000000, 0.000000, 1.000000, 19.000000, 6.000000, 0.000000, 1.000000, 17.000000, 15.000000, 0.000000, 1.000000, 18.000000, 11.000000, 0.000000, 1.000000, 19.000000, 7.000000, 0.000000, 1.000000, 18.000000, 12.000000, 0.000000, 1.000000, 19.000000, 8.000000, 0.000000, 1.000000, 19.000000, 9.000000, 0.000000, 1.000000, 17.000000, 18.000000, 0.000000, 1.000000, 19.000000, 10.000000, 0.000000, 1.000000, 18.000000, 15.000000, 0.000000, 1.000000, 19.000000, 11.000000, 0.000000, 1.000000, 19.000000, 12.000000, 0.000000, 1.000000, 20.000000, 8.000000, 0.000000, 1.000000, 19.000000, 13.000000, 0.000000, 1.000000, 20.000000, 9.000000, 0.000000, 1.000000, 18.000000, 18.000000, 0.000000, 1.000000, 19.000000, 14.000000, 0.000000, 1.000000, 20.000000, 10.000000, 0.000000, 1.000000, 18.000000, 19.000000, 0.000000, 1.000000, 19.000000, 15.000000, 0.000000, 1.000000, 20.000000, 11.000000, 0.000000, 1.000000, 19.000000, 16.000000, 0.000000, 1.000000, 20.000000, 12.000000, 0.000000, 1.000000, 21.000000, 8.000000, 0.000000, 1.000000, 21.000000, 9.000000, 0.000000, 1.000000, 20.000000, 16.000000, 0.000000, 1.000000, 21.000000, 16.000000, 0.000000, 1.000000, 22.000000, 16.000000, 0.000000, 1.000000];
	searchBouys: ;
	colliderScale2: 1.400000 1.000000;
	colliderOffset2: -0.500000 0.000000 0.000000;
	partnerId: -1;
	moveDirection: 0.000000 0.000000;
	lightColor: 1.000000 0.500000 0.000000;
	lightIntensity: 2.000000;
	renderFirstPass: 0;
	dialogType: "ENTITY_DIALOG_NULL";
	rateOfCreation: 0.000000;
	typeToCreate: "ENTITY_NULL";
	shouldNotRender: false;
}

