{

	id: 33;
	type: "ENTITY_BLOCK_TO_PUSH";
	position: 16.000000 2.000000 -0.260000;
	scale: 1.000000 1.000000 1.000000;
	color: 1.000000 1.000000 1.000000 1.000000;
	rotation: 0.923880 -0.382683 0.000000 0.000000;
	layer: -1.000000;
	subtype: 0;
	enemyType: "ENEMY_SKELETON";
	animationRate: 0.100000;
	spriteName: "crate1";
	colliderScale: 0.500000 0.500000;
	colliderOffset: 0.000000 0.000000 0.000000;
	aiNodes: [13.000000, 2.000000, 0.000000, 1.000000, 13.000000, 3.000000, 0.000000, 1.000000, 14.000000, 2.000000, 0.000000, 1.000000, 14.000000, 3.000000, 0.000000, 1.000000, 14.000000, 4.000000, 0.000000, 1.000000, 15.000000, 2.000000, 0.000000, 1.000000, 15.000000, 3.000000, 0.000000, 1.000000, 15.000000, 4.000000, 0.000000, 1.000000, 16.000000, 2.000000, 0.000000, 1.000000, 16.000000, 3.000000, 0.000000, 1.000000, 16.000000, 4.000000, 0.000000, 1.000000, 17.000000, 2.000000, 0.000000, 1.000000, 17.000000, 3.000000, 0.000000, 1.000000, 17.000000, 4.000000, 0.000000, 1.000000];
	searchBouys: ;
	colliderScale2: 0.800000 0.800000;
	colliderOffset2: -0.500000 0.000000 0.000000;
	partnerId: 0;
	moveDirection: 0.000000 0.000000;
	lightColor: 1.000000 0.500000 0.000000;
	lightIntensity: 2.000000;
	renderFirstPass: 0;
	dialogType: "ENTITY_DIALOG_NULL";
	rateOfCreation: 3.000000;
	typeToCreate: "ENTITY_NULL";
	shouldNotRender: false;
}

