{

	id: 29;
	type: "ENTITY_TERRAIN";
	position: 1.733536 8.489345 0.000000;
	scale: 100.000000 100.000000 1.000000;
	color: 0.000000 0.000000 1.000000 1.000000;
	rotation: 1.000000 0.000000 0.000000 0.000000;
	maxHealth: 3;
	layer: -5.000000;
	subtype: 0;
	spriteName: "white texture";
}

