{

	id: 20;
	type: "ENTITY_SCENERY";
	position: 6.703997 -3.013875 0.000000;
	scale: 2.809402 2.155441 1.000000;
	color: 1.000000 1.000000 1.000000 1.000000;
	rotation: 0.923880 -0.382683 0.000000 0.000000;
	maxHealth: 3;
	layer: 2.946667;
	subtype: 0;
	spriteName: "mossy_pl_single";
	colliderScale: 0.800000 0.800000;
}

