{

	id: 23;
	type: "ENTITY_SCENERY";
	position: 4.973263 -0.363966 0.000000;
	scale: 2.784893 0.821472 1.000000;
	color: 1.000000 1.000000 1.000000 1.000000;
	rotation: 1.000000 0.000000 0.000000 0.000000;
	maxHealth: 3;
	layer: -1.000000;
	subtype: 2;
	spriteName: "one_wayplatform";
	colliderScale: 1.000000 0.500000;
}

