{

	id: 24;
	type: "ENTITY_SCENERY";
	position: 6.563318 0.752316 0.000000;
	scale: 3.319142 1.123769 1.000000;
	color: 1.000000 1.000000 1.000000 1.000000;
	rotation: 0.923880 -0.382683 0.000000 0.000000;
	maxHealth: 3;
	layer: -1.000000;
	subtype: 2;
	spriteName: "one_wayplatform";
	colliderScale: 1.000000 0.500000;
}

