{

	id: 4;
	type: "ENTITY_SCENERY";
	position: 8.959795 -4.455578 0.000000;
	scale: 3.000000 2.500000 1.000000;
	color: 0.000000 0.000000 0.000000 1.000000;
	rotation: 0.923880 -0.382683 0.000000 0.000000;
	maxHealth: 3;
	layer: 2.000000;
	subtype: 0;
	spriteName: "white texture";
	colliderScale: 1.000000 1.000000;
}

