{

	id: 42;
	type: "ENTITY_SCENERY";
	position: 5.778017 14.935859 0.000000;
	scale: 5.000000 5.000000 1.000000;
	color: 1.000000 1.000000 1.000000 1.000000;
	rotation: 0.923880 -0.382683 0.000000 0.000000;
	maxHealth: 3;
	layer: 5.000000;
	subtype: 0;
	spriteName: "tree";
}

